y 00000
d 00001
m 00010
v 000110
f 000111
e 001
a 0100
l 01010
h 01011
s 0110
o 0111
- 1000000
W 10000010
K 10000011
E 10000100
' 10000101
k 10000110
j 10000111
, 1000100
G 10001010
U 10001011
R 1000110
T 10001110
C 10001111
p 10010
u 100110
w 100111
space 101
i 1100
g 1101000
. 1101001
c 110101
r 11011
n 1110
t 1111
----------------------------------------
10000010 1100 1111 01011 101 1111 01011 001 101 01011 001 01010 10010 101 0111 000111 101 1000110 0111 01010 01010 0110 1000000 1000110 0111 00000 110101 001 1000100 101 10001011 1110 1100 000110 001 11011 0110 1100 1111 00000 101 10000100 1110 1101000 1100 1110 001 001 11011 1100 1110 1101000 101 0100 1110 00001 101 10001111 0111 00010 00010 001 11011 110101 001 101 0110 1111 100110 00001 001 1110 1111 0110 101 100111 1100 01010 01010 101 001 1110 10000111 0111 00000 101 1110 001 100111 101 0111 10010 10010 0111 11011 1111 100110 1110 1100 1111 1100 001 0110 101 000111 11011 0111 00010 101 0100 101 10010 0100 11011 1111 1110 001 11011 0110 01011 1100 10010 101 1111 01011 0100 1111 101 1100 0110 101 10010 0100 11011 1111 101 0111 000111 101 1111 01011 001 101 110101 0111 00010 10010 0100 1110 00000 10000101 0110 101 0110 1111 0100 1111 001 100111 1100 00001 001 101 1100 1110 000110 001 0110 1111 00010 001 1110 1111 101 1100 1110 101 1111 01011 001 101 0100 001 11011 0111 0110 10010 0100 110101 001 101 1100 1110 00001 100110 0110 1111 11011 00000 1000100 101 10001010 0111 000110 1101001 101 10001110 1100 00010 101 10000011 0100 1100 1110 001 101 0100 1110 1110 0111 100110 1110 110101 001 00001 101 01010 0100 0110 1111 101 100111 001 001 10000110 1101001 
----------------------------------------
There are a total of 236 symbols that are encoded
There are 35 distinct symbols used
There were 1888 bits in the original file
There were 1037 bits in the compressed file
This gives a compression ratio of 1.82064
The cost of the Huffman tree is 4.39407
